790953 478232
862536 378928
926455 635822
351287 786251
778101 992630
856658 235147
855198 595644
774055 141157
520561 467811
608981 531519
453829 115637
513297 47646
964689 487080
906834 115162
932249 134475
737278 704047
275049 848205
976620 332461
914836 940055
823054 700204
541924 687078
66200 308736
37667 895305
190235 3117
943121 735783
538449 596514
976512 311739
637413 677059
150182 376654
21929 378210
486653 776021
251800 594313
952177 199396
902635 652979
163661 916918
601710 325122
889169 908597
288816 954302
561960 925693
245601 226394
840083 957080
376719 915616
60549 118937
865888 152032
850742 577492
927517 633405
902068 525298
410527 599548
770743 706104
202420 210712
511082 145649
226178 507517
384581 321344
867336 585189
742225 855663
652091 677761
114402 770079
586788 441038
340892 107750
875645 758358
623480 288263
482692 504465
95127 187312
698594 143727
871058 535505
502800 612075
382533 108043
417824 47963
407627 470801
650370 975290
836446 980624
855402 37215
980985 14006
171501 589754
103695 766651
788835 68575
646807 716440
389564 592369
801188 8232
573620 335179
242445 598828
157250 787002
658680 516334
711019 321748
332677 672606
105411 930089
815152 86170
451254 436295
937060 843996
212928 97860
794297 229976
690295 278037
318643 950325
723944 279658
722190 397160
272109 658144
923606 770501
945107 434310
677305 740323
948920 603295
256355 199862
77343 55696
222893 518542
369078 719433
638971 712050
157496 898777
360771 709690
867622 360269
104329 97547
382698 887888
284970 977020
847241 157218
7053 584312
45618 984168
982786 561072
191651 408544
916367 292004
418129 704267
409015 302042
269375 448020
808123 94571
346591 300675
752682 360104
623991 39631
769765 960527
376950 737293
785058 67516
733483 964756
629249 28179
985817 244119
109170 694636
457026 99783
731492 563312
835517 885497
68410 563833
354351 477601
350164 247736
185551 179606
895804 710621
331051 132331
573788 272497
435558 655366
590139 975860
983554 558069
394881 721164
942587 239634
987628 715857
361528 436707
194060 924343
917622 237947
594335 12559
932684 728088
743045 608696
946545 881680
304893 924751
494427 809685
418775 558877
490426 788486
968576 361501
544546 824479
71505 66889
123598 253997
16206 65810
885025 347820
915961 719788
540621 536520
400082 568704
112219 609674
133732 101230
668561 409226
678515 759797
520011 241980
691963 86440
409511 68343
284670 118491
886252 532941
600162 420689
874982 804399
240244 305530
889846 172566
937787 553622
384330 911527
169978 861523
343481 69899
356282 77800
626195 60084
949202 895849
475778 525745
118544 727876
920318 745672
151390 587797
192408 546499
246703 808083
616400 457230
781563 892947
209479 329199
807303 85872
161475 901043
660758 613006
245702 141254
896 170632
629872 968756
146662 425923
197749 302787
688461 773008
324788 800566
821006 979949
200057 144195
579463 543287
756608 127780
643213 59330
368703 131989
940027 999413
760873 715623
679958 631014
955815 908442
212379 46907
351365 85856
584943 124882
380586 729726
33687 796953
571760 748180
806377 94986
785875 499848
612785 715231
609722 547434
196539 519237
978311 847270
868877 782014
723930 890578
802805 465359
191097 293359
402952 60768
325132 567613
389191 979380
994515 124181
437806 706756
415617 668669
296241 727909
402732 762965
204943 815095
146087 197451
622472 374149
576776 888825
322996 265218
437722 927432
879556 99641
963882 862187
292517 773759
121053 431331
671644 612521
487904 465400
418931 395377
296931 756837
185925 2277
163523 566152
277706 93372
354491 484611
12718 273784
478811 859866
584318 177194
4520 846532
687745 960284
82013 732324
635025 771639
672035 603055
662524 535364
115460 528196
155356 691555
509133 212253
240021 502243
779293 222618
922522 962898
765516 97612
100144 823772
427140 784910
462508 336319
19204 648003
306071 90820
843359 389112
299927 624686
446861 200981
308437 886048
827908 840455
158362 993735
488760 278784
978220 705938
809901 453482
812638 190458
451996 640393
828272 598343
670955 843045
239185 217464
936109 544253
932423 691708
158436 254907
953099 755072
842306 915622
839432 457835
828795 12857
679257 83273
376548 368670
822175 823822
418960 851076
239127 701563
745158 683435
882833 63762
409065 205196
395413 231195
568773 229055
156977 591307
686542 889849
5361 128579
55889 716262
64369 160620
425698 18054
495514 367155
346202 305839
82695 452153
373683 877360
272078 62651
455795 192943
566593 961338
756200 209344
575511 295086
55076 375855
435793 675008
812162 473901
200895 760705
110574 47622
611333 162257
653973 622347
289128 651089
907160 458213
565018 881646
118754 197441
850444 927864
422586 142688
476936 982651
560754 142544
39671 997029
504839 185273
727170 688571
258833 398709
360660 484199
651248 880956
974590 135527
691544 408109
731978 622494
24856 978652
931952 817323
999725 490870
348484 415856
13289 479812
393686 922491
876664 166825
827299 954696
125337 791539
883748 44760
3022 968154
255802 451011
335038 235172
343156 468956
974836 727133
478813 825038
540558 27420
78923 579134
718766 584017
657027 382484
370716 622851
316138 550913
487321 955997
955809 429290
434423 786749
768412 757761
300000 686823
83930 184667
281500 128931
601424 563725
73325 695084
610059 400201
7672 831566
238459 686764
325039 603723
677849 846734
171800 795929
155140 959721
392908 170234
338994 715190
640306 740357
877491 243306
473518 681545
670774 437441
180803 107372
856083 175926
411197 400081
29947 48093
352994 652990
134905 18270
275053 968177
27704 772711
554373 701178
57126 181044
125028 666678
883741 414389
234514 301643
975074 199253
651814 280211
757963 949383
951426 942033
890918 225486
339687 99038
549455 320420
394253 395304
522419 925946
540332 236431
203691 891638
485028 858755
974394 192106
100821 291265
184709 500017
772931 570838
165557 619879
822444 776107
725845 896650
832681 854151
734368 531455
745109 940144
401060 245206
399033 717840
324146 560183
185255 814618
178089 760115
556247 998222
815093 264106
232008 736207
425273 68983
441760 426306
395541 285880
238104 228426
828187 617462
875269 797414
706654 27135
98043 351351
773422 34185
984487 351909
191625 386293
29723 796967
676016 611532
536018 685254
213663 853830
303362 542993
111785 801328
878105 650000
657658 682290
502841 941302
882587 646456
462662 894122
898105 925326
943114 78831
710250 709494
572333 993368
496665 404790
957957 976936
792140 466357
970872 424386
319609 690716
35478 183717
802533 387111
944569 689781
86054 446248
69679 413227
341548 624267
692899 779196
384595 13937
887746 216370
434361 2673
424957 817146
501988 797992
66770 356041
982934 393840
257948 834987
923506 354772
553307 917020
675863 628222
884499 311265
372426 19786
950475 120909
536238 497147
742337 973792
583690 797589
633067 194318
49049 230874
942462 135802
724287 899542
282275 984700
737775 684532
116641 31149
268623 375588
891287 597193
714639 458483
618439 210108
858476 276659
429846 367919
686867 436570
246817 834147
949280 735616
235427 462493
555782 861247
800851 644682
493458 531810
566874 488859
92654 187539
897585 631420
548087 498298
895711 69312
489694 670537
74164 600917
783144 618556
927427 480209
809233 678518
64848 169049
781937 437238
451699 637831
370444 652030
398927 35798
233443 211208
333800 953857
221894 892985
595918 650865
690735 615372
386772 876132
335495 616181
447450 284457
441054 183544
829445 836838
888626 729232
863598 194254
294466 257876
767133 987724
13791 537390
338303 358539
851072 105549
490190 894185
641867 40672
977856 289438
496595 843958
656561 756294
430305 845771
916474 879832
534990 71944
160564 190890
490428 828865
378781 343223
283839 169751
654171 887863
517096 129645
231824 865129
456826 931924
574619 694211
804631 260391
457432 849261
473545 918387
746081 538182
849745 328394
597282 548912
55579 263615
259825 102560
218568 142896
714759 753949
592943 170984
300836 757338
921000 594102
235131 307107
460837 359487
537182 60657
414858 251277
381641 854868
642905 180732
782141 645050
83252 148432
410036 651551
729200 933541
779999 794322
140765 5104
655984 23973
376229 746205
831087 74797
587959 532291
960955 435979
890492 921849
369483 980966
82702 84497
209959 468950
791381 43816
17859 713415
521999 519147
58764 895262
621453 266682
185928 518548
43560 937409
905826 811484
920710 258693
830380 333131
492487 71479
186143 784077
910405 621183
547300 219378
960751 483006
81136 370003
880718 831061
545343 722109
776644 607033
903103 710409
552236 259175
635917 289292
14907 135320
279186 209732
525240 481561
483186 629715
283486 446307
629415 491179
435032 363014
359975 91013
425632 234083
64998 629756
64506 225988
681692 979496
285662 847595
788866 624657
354508 362438
777373 680379
926074 714965
957623 776333
238143 799940
846656 740786
596604 948251
600708 580555
158057 705468
960905 731
834297 812799
767514 631629
327710 99512
561410 302269
614314 350813
897139 526703
381212 911457
258380 15434
625407 926738
891108 232575
328433 770363
163936 870899
144290 763782
225460 340960
576622 245083
349684 25997
805167 863087
555640 309951
171260 951924
11846 442888
45772 953237
886266 476154
303833 397699
821006 271720
599913 604280
968529 627493
371163 482478
293231 712312
906627 789655
861061 734919
968037 541469
478663 157416
342859 678884
317980 458754
169843 103526
517737 226912
339008 284940
853373 565102
750110 356206
706251 107803
240521 830587
264994 828436
167246 811389
406580 23560
644123 764694
495055 765890
895143 780439
778894 193660
593136 694139
932557 404378
379427 541538
806053 346898
696381 831021
450491 579389
847824 844462
833536 670883
610488 428909
845002 441373
902784 231592
746234 853534
788754 429648
424453 3442
375226 357569
95060 422172
261126 804295
653287 656610
468593 831399
843610 129423
996320 867299
31367 551893
816797 78962
626390 232329
230052 337198
225297 344399
653782 749863
39652 827471
260770 461364
500757 96097
127432 33562
564337 18456
455002 310019
195783 574701
551931 542093
874099 578727
936610 885707
568008 105671
110380 44847
57421 125097
612072 375390
11 310768
29705 483342
194189 652336
490177 7451
541037 557899
462489 117015
554697 549555
434810 657573
304071 473906
321878 769270
974220 845540
931437 67113
490484 228113
906128 697881
843464 126103
200220 73045
619329 255000
151682 483234
860939 550773
501936 387488
774717 565096
642712 155020
634577 519936
105378 649400
745535 160755
916023 389294
633460 533148
273865 798729
894393 734548
293959 513265
796248 192509
552273 117222
407936 155631
183466 720695
723191 462794
574867 288522
330741 286014
950594 150232
938126 12746
542074 347973
156848 226622
843720 164281
249784 977580
512477 960186
548198 926185
206619 375381
277745 437214
753126 152938
335922 684101
290526 988561
160295 703699
414140 645009
761487 898936
775296 470455
444502 239116
136785 17838
455888 191422
404221 26231
261013 448811
973338 24492
310841 115093
961159 749725
142724 993050
756300 840753
145784 459840
555037 148987
65301 185349
189540 150902
666225 497161
576545 42251
499300 495445
558822 324731
393080 368063
681794 488347
853585 752354
880074 301797
801458 454968
850274 485235
684791 429962
507983 846278
764904 908527
502878 853208
982792 76521
953251 195442
113532 347390
622265 583348
232306 203986
927752 433582
894281 79083
5241 76389
904267 83636
695081 342468
576652 344376
141586 28209
833667 439927
28494 861767
41273 581811
820742 846464
405240 390628
34964 580237
154051 989519
960091 448606
966154 321247
753395 240269
75508 944747
106786 396394
116949 656206
857874 974077
411605 608684
401628 203910
62116 670761
963831 929093
394497 219139
735144 157130
721031 119475
939780 554768
520526 831699
602488 298590
66209 159505
821495 337785
603124 965767
956714 149999
885958 953428
729981 297145
103569 3838
506473 524871
426444 969444
2264 612678
816855 874063
487919 43744
103877 8187
196834 786399
173092 250780
374646 553428
857358 970742
215351 969841
850890 373018
824126 65345
897202 363109
987048 28161
47039 948026
341965 965307
723028 524539
479202 304884
841151 83715
639399 810011
622000 757006
970347 354194
481264 866173
320875 331778
953192 4642
835913 548964
386412 629292
449909 891289
947819 997241
746848 635116
871212 42074
613894 597751
281509 572364
58093 212908
822164 543739
481191 520364
998864 601619
55867 313041
138954 16465
709910 177269
949745 398424
751259 981249
400648 216226
567047 853316
124977 528668
493665 834255
228703 431957
380824 683830
775202 458364
382954 198913
307261 881380
76236 758660
288839 188991
395597 524674
566508 252832
716364 493835
929540 554767
154384 574799
657786 73863
371640 566507
298578 92836
675876 915210
549987 437062
983186 84344
953986 938001
136493 927468
996831 736688
834223 770999
908683 417959
910500 757359
771161 245266
817796 902895
945972 523228
197768 436443
94849 258018
794389 827751
190307 348872
513074 939713
404629 883293
590633 499670
200712 541445
730960 295559
327408 674005
347665 827151
341188 964907
567067 268740
396124 536221
910469 570838
996680 240838
436819 355309
605833 401636
2661 798855
129141 57848
391348 390653
843600 210751
330461 374852
453243 216732
593673 369698
899152 924356
833977 659684
240944 850963
478819 922813
684353 788658
154330 395829
595977 197438
11912 691588
193347 496758
658188 65491
227410 640152
778442 172099
818430 841176
204805 323844
260998 798976
625323 753729
669052 31458
278997 889924
690442 851023
397164 248268
962714 683936
92756 956885
890711 287764
109057 309343
451571 865758
914999 24885
191646 37212
593510 494455
490820 511229
502342 857196
860495 26858
374059 156653
460054 454419
298840 891688
430195 235755
496597 959692
871243 567215
433664 891095
518950 392890
117622 830044
241038 396011
99931 105753
277810 921048
583911 565663
201907 883456
5978 605954
795168 865521
23117 956706
992047 753598
455808 43467
764749 764968
300085 879609
907691 365582
768161 941399
172728 992419
576445 168531
760742 399886
318576 846684
632699 373740
568406 905961
47231 764782
486888 60022
639601 509780
978769 381944
979763 386646
201758 483647
587660 333630
246814 95913
533225 794974
531592 99499
668146 299150
225847 265184
697427 295316
775140 312036
724059 113055
48337 514386
820380 647353
852418 862936
177780 466347
774192 561973
539172 675141
250267 410698
793255 502035
884498 625565
658295 56869
211858 331298
220383 23942
744600 641060
104847 154449
375634 600846
210473 918819
564452 113682
458857 102977
755557 200409
823835 425470
416673 503234
184680 815195
259166 667538
869831 72080
113449 773329
671225 366963
698783 520674
783686 837256
484001 405715
492223 103426
576964 42712
782469 986253
27350 96160
799816 771817
135676 59511
132806 929667
694720 12992
791111 499378
226297 749937
912333 756781
324301 620583
419412 516984
412520 39456
45041 431361
506582 24135
162395 139077
318730 935247
972029 946678
933943 704198
474188 2648
266179 548577
897740 651911
608818 204127
760789 361228
111643 54163
283041 409258
253797 848261
92469 398500
328939 146683
131314 868702
193284 29491
251518 846156
284585 203570
321733 731006
111072 295847
14478 513269
524351 429133
263734 658970
142994 54280
432545 364115
513424 949964
555467 325858
597727 639526
692750 708482
344402 113015
211915 710436
810048 816757
942964 449918
841684 228518
617322 363046
845685 3891
869021 725287
18000 277490
816968 922907
807336 713241
465959 942611
225316 202345
769726 871110
594847 399195
803156 940844
423686 238326
27213 220166
619509 971589
339079 720044
907489 248963
713819 612323
252652 128642
474537 781576
667248 132280
665428 282738
986971 547816
368517 745277
545457 637648
653253 66338
281708 862016
708609 597514
280256 832153
911884 892551
529183 272381
864855 297018
333133 186729
510029 590372
874290 436687
403784 171400
167695 217899
533229 689614
226617 326759
975236 789497
971687 166053
676939 789382
536219 514955
877415 109558
439526 35182
881554 246020
391030 243806
634232 363554
554028 852805
828636 199329
456113 569362
331273 240396
300725 504799
71653 679558
118325 181893
262199 626363
858923 26839
643682 931679
495661 832240
373730 270398
854142 270694
874761 80376
671824 498229
857074 792137
272032 22551
800157 922935
983706 182330
996977 138025
642973 239254
53102 356583
281646 575398
541919 230695
324962 9812
959052 473651
458438 396411
15363 145142
679592 455395
874663 940255
708106 384649
282163 231535
473683 560416
370764 236248
365301 298235
300261 957130
420983 23879
230348 154626
968107 256678
953717 370603
825699 476243
526545 167548
273584 312114
484210 147789
515312 396660
491276 688782
691781 309067
104469 426552
743699 167214
993466 406197
706980 519278
166946 182522
914911 566475
225571 904856
470116 398523
269936 942777
843941 72861
56464 432409
449357 524505
833603 321706
961213 95219
200651 120437
728610 814046
663571 588633
157772 15946
147122 289254
939626 173032
465413 892677
7399 851741
416734 436116
814309 989815
431159 93114
720983 193929
347549 832927
798722 759216
282381 887571
729537 654055
242604 413373
486571 215492
918575 76967
322180 193407
254476 169778
492137 395294
362179 118843
199393 810466
467355 847511
339924 461263
455097 714264
187281 162132
129153 977125
297765 566861
366619 163517
972551 7778
122835 808499
196578 659607
653134 437848
281282 248971
261855 828269
734395 55515
484603 871691
91910 163446
881769 771016
926482 692942
766887 437687
961859 30185
1529 934467
323401 768385
404735 240489
416830 111464
303223 953234
145722 24113
624703 576441
792226 47097
925088 806239
891567 244369
596284 603491
729783 766468
185257 927687
372201 944451
587852 575390
758821 281389
334256 95439
284818 638069
265423 838195
102965 782605
942630 224786
671636 445264
509914 463947
861410 307690
654112 211372
802223 407426
258206 937787
896283 416017
671484 943410
594834 242862
677851 876965
303148 829304
56065 185756
837036 149897
839081 345152
195451 472446
9219 727664
826264 40334
916711 444137
811965 319339
693878 30411
317726 661250
515344 899327
664617 49377
565397 590736
454955 672712
223588 513548
134872 39375
555404 84761
857034 261322
952780 384696
422478 78495
3920 904074
56446 451106
539102 878505
781809 79790
195757 890994
487042 496749
362582 658173
203631 457997
985 624666
353937 406995
917315 76011
675376 138398
694379 315183
360138 68244
72806 389531
362773 737556
229187 675935
466766 929509
990514 464320
624512 367236
131343 778666
144854 683550
699296 947393
953640 475864
692354 735789
496702 324539
786323 478642
787965 457253
461755 808889
338385 45642
111494 465790
250266 815828
558155 621138
319125 562096
912425 526037
218442 36985
360730 724223
955222 483240
716995 422784
51749 776316
70159 908185
759728 968162
882048 612766
610812 641422
406586 895270
544661 350854
274804 296088
92252 416540
929667 204671
558138 53951
459598 330871
531293 255586
578291 53075
390698 83114
196705 751597
110542 966372
574583 81820
571769 361372
752437 411230
621143 323222
918760 602701
228221 403172
938341 104890
795890 855707
938842 285282
187741 127876
561501 320155
591938 134598
177341 120186
452053 87214
77489 364
615119 250715
151389 463464
538391 564276
142773 870648
372354 468685
765613 217095
565806 4944
146185 926191
520914 707326
265236 401513
616900 828336
618300 844769
418525 550345
263127 585108
897221 181532
565787 570459
250076 185725
593191 339721
513369 561841
191735 518578
164719 491871
951208 182354
379127 172126
311451 755987
9500 363813
50154 499204
916395 352847
210225 645084
757522 533771
688566 603985
976378 683468
754111 501479
101376 445726
110552 869918
874528 100295
255248 176622
352645 308354
4412 700328
832239 505517
916531 573130
642921 883926
951275 806459
972391 892087
765179 991725
229948 780306
472040 799978
110416 512814
175423 554171
647797 182982
842919 7427
270296 723395
218872 403079
445005 558538
4173 207810
922592 585770
916134 824641
582864 157
975894 683671
413758 212798
806969 292165
409420 824104
748970 855953
605512 198866
124226 489042
702047 277912
424843 406310
545370 509235
267742 230418
608121 546781
103626 610920
758393 954812
108224 384819
10396 834179
887456 294400
340455 712647
772845 3343
597037 414004
559731 307784
419297 346016
2039 980380
156561 994476
406546 433222
154762 504012
154498 184213
544277 438968
294689 446069
275999 503622
150834 367022
390312 784494
193627 530167
443629 233078
378539 407692
772211 127270
927531 52368
273241 916352
369488 610430
577122 945793
238147 207389
134433 471190
906749 106278
794466 596774
688070 663373
214049 748873
799022 280724
906741 271428
837942 263511
336668 152479
384318 289674
750096 897649
105223 183244
944008 940699
850241 125715
48938 703789
710506 793049
935863 696843
377367 289107
340348 179470
611675 493790
460063 523619
904200 192807
660011 773998
674441 479144
917714 470250
318653 465762
999557 991385
859253 553630
70096 108758
443030 436552
884323 253651
877047 694619
801566 310350
836660 763015
790078 137091
724763 966650
344875 518098
499946 461292
242295 338143
907669 464994
466566 494059
745933 905873
284165 371057
973273 391801
268814 525908
501253 306811
435682 820571
442469 200758
948266 256594
652513 375155
110792 250
333983 652307
616505 643785
756674 113618
227678 980241
92597 552024
756414 766783
437719 472501
116870 345710
311757 945039
803155 653625
147167 896880
463442 671840
345521 6747
546498 264346
823860 912295
701821 518464
538445 612709
450100 646100
640170 974385
633143 175072
319130 899414
351508 897168
232244 189637
774858 862010
384600 563345
136105 579498
402536 812714
683709 873296
450487 528843
766602 214860
208397 174034
467903 601776
892605 491367
436971 962600
604714 371878
319464 397665
344732 735493
900710 296606
196215 948430
585903 480664
219660 789907
987226 424233
406782 168551
671828 694318
528353 798529
895019 6635
146822 828877
506959 714649
569869 236447
366752 585493
98907 948419
12204 206205
98406 120799
736237 476539
108534 515092
266131 498696
618727 819312
964018 431309
786015 74531
657576 766439
510729 880422
475784 726449
931433 774370
541960 276269
979959 794456
954867 760608
792738 849516
285082 58885
126420 89513
408225 193205
176950 347862
405079 832917
656241 295556
98559 259864
908198 492742
135617 952057
770992 933954
528261 990974
380370 424837
73359 241953
803478 206653
749423 295902
518706 178958
24 178070
972493 855240
844161 216277
298653 29460
447988 86769
516301 945295
556260 179352
239225 376624
224637 368846
588632 216053
281550 386035
404095 839073
822917 824443
267541 283355
691055 995469
791117 9442
216972 479397
463736 240307
41135 252642
306023 286001
250385 585380
780675 691148
358175 639782
889680 419709
123341 981057
797496 807138
692635 118303
777088 972444
380610 145593
993326 989110
604357 546723
139954 171607
991601 752923
481303 164734
102911 403000
925840 613823
671411 768886
334047 383143
549452 599732
55880 877416
293433 914676
411559 928619
502997 458135
772160 91900
966683 605945
454247 221075
356254 634936
563917 362044
47509 16110
60800 31445
657390 257316
795074 214220
407098 466697
942311 472344
162402 580041
426089 510328
452957 235330
469726 107395
862659 578731
675884 710904
661714 863427
719718 253720
122028 525138
121094 90932
696583 436210
899921 932724
960069 126242
881737 779731
149642 465265
651770 751468
958086 354119
686301 631872
698825 538118
152048 400665
490920 645359
932746 27567
461076 403279
994708 148308
970600 91714
412811 426410
721736 57873
329486 829906
577194 540227
294801 842893
352194 501622
898428 830524
362116 140427
752991 61559
23166 470471
334556 672944
479402 966076
812122 605178
23175 460491
667062 699415
361591 417814
898848 746718
42210 416207
672809 338002
164478 84047
228933 14942
397369 833237
630533 890001
815947 679523
751026 339499
635014 552477
706997 213507
10016 492717
693635 998542
466159 835272
714137 239105
504276 946933
266627 929472
752288 167042
556600 448565
86492 124589
434467 259081
936218 85491
477166 562146
264680 826427
614321 835043
774249 993973
971095 639431
624303 779669
34069 840511
681103 659448
482466 482569
764613 941677
854443 724973
629318 716455
429598 834340
609307 846593
100561 540945
465928 498134
655377 421221
13179 993731
327880 242422
483313 199994
38954 77006
350074 832812
159466 172513
480857 34056
859753 243285
137706 262332
905220 359160
114410 915763
512051 533047
713157 163470
725077 683914
515733 537831
222171 906300
276317 801181
396543 220023
761747 958551
299513 999583
708329 935610
958467 497129
967755 415381
354918 919316
677081 104450
129193 802967
16452 15417
598869 584379
872442 305750
438234 994571
441399 887465
353276 426335
992846 308044
887320 871684
494010 539897
444577 89618
995003 304786
773106 39539
893458 82708
130086 940728
706797 998324
363445 314658
791504 192177
487557 280735
872857 728595
580750 225147
663584 160192
543915 535995
252287 735083
398874 595873
196198 423191
570601 958303
944175 146330
583447 411530
801848 879210
255906 917269
829982 194751
467878 396850
565648 721657
428044 409237
447936 483081
525390 770486
762457 620867
10908 18436
813312 420731
71215 222902
884658 247773
335506 191420
921167 161298
122924 360600
710385 481127
645837 912059
918328 848978
40018 43793
168835 928390
607575 349490
818108 643967
63508 372417
208845 196003
57612 650063
56370 529270
106776 934693
726798 540661
271085 335834
152987 533680
831351 1810
162405 368815
817559 293022
268989 193177
259572 222397
644012 661940
586064 331074
243236 15559
447330 294686
482900 60349
641977 357572
980952 394744
690694 848289
558501 848347
530083 645567
415658 993800
641833 790465
105553 989860
224487 471921
484640 191377
740153 310365
580587 642442
124594 189250
354473 758575
230979 739383
710233 209174
811788 413613
137985 693881
599731 657221
780040 977
290882 586978
391450 820884
649196 164791
605664 537971
360911 217513
117197 82359
202682 716661
552932 789424
305556 353269
346411 785509
879448 583982
312135 6019
737408 813894
495469 125794
988413 557928
842237 2903
338620 25099
239133 802537
200883 429133
79073 173909
96194 978900
411115 267008
833440 937448
633237 23688
683558 472200
734784 401759
92767 398160
772911 999146
13603 610998
382380 475599
652757 342138
488220 870639
756509 421730
462630 501247
61377 277170
928874 283409
653529 426472
447348 458955
446008 926755
912828 481476
713063 409488
895796 977729
44050 365341
175333 228394
372264 903775
950808 531416
828721 6419
995635 375362
773950 339250
470714 763284
22779 594780
306109 128176
609065 14173
243842 151370
867411 944565
83601 7013
991233 702696
854241 472903
150151 103906
984972 631021
743601 64537
687363 286767
642460 751812
256772 759688
840752 54228
227483 137488
3623 893059
464274 582823
713460 381427
331177 71866
809902 265678
134808 567155
180719 441586
553152 26252
410458 662000
239343 239625
492352 339728
275168 584932
328862 544480
948912 801391
647617 263180
873182 403390
980152 384969
904280 928041
121538 348338
647040 311634
652295 87996
295938 887326
411476 2755
138 360053
480025 908131
1448 840721
228788 49996
640754 472197
412440 731900
549291 264112
337568 386050
849451 738134
956378 953805
401100 495045
241207 154151
356048 412727
531268 726103
131471 98784
524592 553644
557413 957211
863873 644177
940795 293
949994 324715
979974 212539
348922 219549
217431 878852
811847 320958
846784 165816
7523 541432
471692 313945
662482 37474
952187 670522
219851 888300
237231 962407
568253 633669
395738 315282
963302 511149
451971 133686
875133 403611
821229 441883
641394 714043
323417 878557
65990 59183
691305 149200
361012 153222
568553 279656
661902 627896
849234 369042
206763 682287
780697 196796
17016 49742
322687 32391
278373 240
82746 718517
504965 991711
636171 345732
293097 892520
159149 601733
215020 630471
33123 11791
341665 985026
512420 474793
721613 200578
222194 824798
34102 494616
566014 238852
76726 50815
408817 622769
967489 30860
51131 156480
994888 807852
150190 509237
834320 882463
137229 420901
955977 753650
164682 972482
528744 92700
739846 434468
633115 249992
169157 719162
705260 229323
145219 517409
449510 148174
981392 197973
637567 288786
954692 478412
204553 211316
341789 759736
169481 348746
726298 604209
27890 596126
383538 399728
362339 548226
230738 401646
588893 88240
353028 189506
232372 157913
736672 255632
383784 545048
637560 87647
934671 191717
636400 523400
444215 613167
82186 53248
670253 216586
663170 553202
150648 470840
509508 762630
235692 288021
979797 434412
437618 422640
222985 258259
967897 607446
536724 199051
974285 659558
145383 183519
927539 248580
868171 749117
834414 326186
473628 408333
753517 481960
978414 297414
208342 400264
433310 227547
932957 663889
475113 591631
256509 302495
198851 755442
295877 731897
200506 271002
715306 119058
708707 938098
613804 81715
689313 981107
517006 224785
323534 465870
590640 639216
872951 276746
99315 112757
394819 840113
304928 203656
785725 115141
550481 576686
296453 970682
396967 536900
895599 203516
883470 728730
203416 678852
636440 15525
975853 317912
890598 280224
283607 515660
12948 733544
864140 165537
363892 741698
79335 59094
838729 692412
33042 143873
603280 989118
702094 722185
327206 366287
981716 852749
623107 228050
634893 50675
116117 505069
167170 234017
499546 38293
469937 694912
912948 284984
438695 229297
337782 252370
338843 289716
13472 551874
377191 133393
658393 692040
531166 116064
197010 835531
21196 233247
468119 37585
54552 625346
479583 759849
216648 620159
491393 420175
912449 880446
840147 318477
320731 763355
781181 816381
562848 663341
93137 625433
291839 945330
581256 405986
417519 923734
806619 204099
659969 559911
192561 350343
163806 712587
574459 714493
76871 942762
48896 720583
475470 780738
152899 154083
433919 263782
354970 636605
934079 996457
874943 640485
631963 175667
279599 186593
280516 130581
503734 360779
443315 829758
161839 26598
230675 667272
663607 813517
954986 138145
333091 315311
360162 864375
170294 934588
241274 369837
633988 448795
281777 118523
625841 386297
480955 870560
892979 119193
110356 533786
602084 628031
684497 605817
31437 745205
435942 944931
352041 719951
237520 450197
424239 273052
351385 829275
363699 658050
437726 761460
113846 763895
242220 960982
855373 800832
88787 177081
96114 888397
765371 782104
518094 280838
294747 563482
956307 617094
240857 646744
95496 24697
882098 165130
888743 854569
253804 868078
631761 931972
568494 371380
133983 964425
654507 944419
159977 430251
610280 914634
588174 810720
155532 658879
812009 520280
365342 516774
304228 192960
464047 124775
252512 972441
879037 251760
308037 231712
286133 41758
224699 578643
615745 520662
313574 495563
977300 416146
147838 998843
935313 428712
666459 614806
737415 913993
443819 207179
640951 77030
586333 743734
360768 463875
27147 289965
477696 260746
746596 661370
473956 910231
669075 397335
363567 199406
20520 25731
815750 428495
440972 307361
184985 563454
448439 868899
909465 821430
41441 147539
583939 355777
190436 128331
922950 679097
472664 41425
319628 252536
52650 512012
433723 99923
816424 977152
864879 636207
202983 89726
587884 33954
661576 199813
55782 70653
267719 627691
132505 707915
553719 331797
907794 173637
407260 69637
246452 459505
147242 913665
405626 774281
891150 963249
471797 561974
103491 123323
676468 989390
439021 554363
821467 52488
101261 838313
834761 217700
696124 30721
297235 380122
535885 374411
136980 811749
719373 75511
796424 352444
313427 62712
99436 69205
277056 291339
807797 856551
109161 347982
390736 883308
49075 226611
665894 617968
842203 282697
948483 27885
747677 457451
661741 353036
630074 741057
538888 179122
174075 328054
830060 104997
770422 518940
619421 509069
280200 850209
182080 964810
71499 12500
58226 208602
534761 511986
14937 901765
587858 25818
554453 552947
114609 32981
3142 967337
919793 556570
562074 209975
78519 453574
300468 778752
646306 23615
231143 738123
152984 60620
145311 883477
296525 954828
274460 806013
418309 312422
63278 715777
313664 677039
288609 632349
530174 906898
546327 444012
320129 871025
669949 819079
78405 935685
838295 813507
451941 368941
458675 12293
493619 431766
861940 983332
637125 157019
888269 646634
351353 789906
425919 198534
185440 779243
107160 260234
209599 835807
102752 133363
991402 623655
390494 545865
541666 882072
309194 746862
959338 634369
766421 569509
594386 463576
641536 85416
637577 411239
175915 913815
891859 11481
994950 926663
532570 833380
108534 241714
200776 375422
806301 401376
831253 96593
712673 555176
731962 746867
72365 919207
494365 788994
951800 634712
597362 415623
190194 773865
726856 872058
628072 595962
61367 14213
998644 790095
207788 827465
502267 27848
313467 49457
422397 87907
873574 443608
705719 744818
381332 652777
665573 637445
444671 555037
954914 144345
484995 286169
705071 260978
91062 327362
492314 256676
996672 197485
630104 542707
775929 63564
794531 948497
585389 87332
411601 245266
584822 122769
627449 95237
616676 117241
526521 267816
619512 860734
86929 112884
612701 461527
712200 676608
155144 886076
623530 568921
778714 991595
462432 860866
515278 92716
295101 883503
124601 190768
575302 69804
947825 264162
284770 901710
610042 22169
968314 439191
482621 344177
805505 265015
681805 734204
549675 288981
967634 828545
899746 572354
955178 483107
193515 670433
89793 462042
571512 814891
704843 221173
342011 270926
734808 269631
671967 593862
226467 415191
57951 368003
774270 746866
601684 429659
490744 84660
739039 170280
982774 268945
906271 295196
668381 625225
681856 887836
353858 792048
823103 398139
733134 650082
611464 489506
434686 422844
77671 563134
941231 798812
102904 25245
71314 86085
432965 124986
832364 153026
358995 542137
884063 273658
799253 946965
30791 219676
974708 65579
37024 197893
74722 504845
39479 322786
87509 129804
511956 416708
119466 102029
443888 192989
397080 958324
147097 434633
479326 178598
352132 677457
994384 823193
442955 410216
329150 784328
592606 386423
546273 211526
518563 491099
204479 244770
168976 175283
565994 560711
105099 115497
789516 610099
321419 658905
908782 639916
857601 605609
802076 191584
428062 860605
459672 422478
118507 671500
360161 466002
330063 798888
935046 366463
413710 464321
554207 990715
118037 88167
334353 428857
378538 737917
542479 127676
88492 134349
397603 185788
536416 736065
519485 428419
788490 664689
611300 63422
27067 343771
940581 713293
260917 965841
766818 127673
511974 485471
198781 578154
367432 971524
376728 250564
534891 482700
311563 855759
492105 865940
171124 862925
440873 698636
664918 377279
51231 457633
